13 0
33 0.139259
34 0.094074
35 0.314074
36 0.360000
37 0.374074
38 0.394815
39 0.048889
40 0.199259
41 0.202222
42 0.161481
43 0.145185
44 0.090370
45 0.047407
46 0.049630
47 0.159259
48 0.368889
49 0.221481
50 0.243704
51 0.247407
52 0.262963
53 0.246667
54 0.291852
55 0.190370
56 0.355556
57 0.295556
58 0.082963
59 0.127407
60 0.142963
61 0.130370
62 0.145926
63 0.183704
64 0.497037
65 0.300000
66 0.354074
67 0.240000
68 0.311111
69 0.263704
70 0.195556
71 0.313333
72 0.296296
73 0.207407
74 0.197778
75 0.295556
76 0.183704
77 0.354074
78 0.345185
79 0.323704
80 0.276296
81 0.388148
82 0.302222
83 0.268148
84 0.174815
85 0.274815
86 0.260000
87 0.351852
88 0.288148
89 0.215556
90 0.252593
91 0.214074
92 0.158519
93 0.241481
94 0.121481
95 0.080000
96 0.036296
97 0.267407
98 0.318519
99 0.185926
100 0.301481
101 0.261481
102 0.237778
103 0.388148
104 0.282963
105 0.193333
106 0.240000
107 0.264444
108 0.194815
109 0.314074
110 0.237778
111 0.260000
112 0.315556
113 0.302222
114 0.185926
115 0.220741
116 0.209630
117 0.237037
118 0.200741
119 0.286667
120 0.226667
121 0.268148
122 0.197778
123 0.221481
124 0.177778
125 0.222963
126 0.114815
